1) Setup additional swap space in the system to solve low memory issue.  The swap which you added should be available post reboot.

root@ip-172-31-19-173:/home/ubuntu# mkdir /dir
--------------------------------------------------------------------------------------------------------------
//create file in selected directory to add swap space 
root@ip-172-31-19-173:/home/ubuntu# dd if=/dev/zero of=/dir/myswapfile bs=1024 count=1024                                                            
1024+0 records in
1024+0 records out
1048576 bytes (1.0 MB, 1.0 MiB) copied, 0.00296766 s, 353 MB/s
-------------------------------------------------------------------------------------------------------------

//verify that file was created
root@ip-172-31-19-173:/home/ubuntu# ls -l /dir/myswapfile
-rw-r--r-- 1 root root 1048576 Feb 23 11:19 /dir/myswapfile
----------------------------------------------------------------------------------------------------------------

//initialize the new swap area 
root@ip-172-31-19-173:/home/ubuntu# mkswap /dir/myswapfile
mkswap: /dir/myswapfile: insecure permissions 0644, 0600 suggested.
Setting up swapspace version 1, size = 1020 KiB (1044480 bytes)
no label, UUID=118b5a7a-229e-44bc-8f96-56ec6ff6e21c
----------------------------------------------------------------------------------------------------------------

//to enable the new swap spacefor paging 
root@ip-172-31-19-173:/home/ubuntu# swapon -a /dir/myswapfile
swapon: /dir/myswapfile: insecure permissions 0644, 0600 suggested.
----------------------------------------------------------------------------------------------------------------

//verify that extra swap space added 
root@ip-172-31-19-173:/home/ubuntu# swapon -s
Filename				Type		Size	Used	Priority
/dir/myswapfile                        	file    	1020	0	-2
-------------------------------------------------------------------------------------------------------------------

//make swap file permanent
ubuntu@ip-172-31-19-173:~$ sudo cp /etc/fstab /etc/fstab.bak

ubuntu@ip-172-31-19-173:~$ echo '/swapfile none swap sw 0 0' | sudo tee -a /etc/fstab
/swapfile none swap sw 0 0
ubuntu@ip-172-31-19-173:~$ 





---------------------------------------------------------------------------------------------------------
----------------------------------------------------------------------------------------------------------

2) Find out the number of process is in run queue and blocking queue.

ubuntu@ip-172-31-19-173:~$ vmstat 1
procs -----------memory---------- ---swap-- -----io---- -system-- ------cpu-----
 r  b   swpd   free   buff  cache   si   so    bi    bo   in   cs us sy id wa st
 0  0     84 246940  24340 549256    0    0     9    20   10   29  0  0 100  0  0
 0  0     84 246932  24340 549260    0    0     0     0   21   30  0  0 100  0  0
 0  0     84 246932  24340 549260    0    0     0     0   24   41  0  0 100  0  0
 0  0     84 246932  24340 549260    0    0     0     0   18   27  0  0 100  0  0
 0  0     84 246932  24340 549260    0    0     0     0   19   29  0  0 100  0  0
 0  0     84 246932  24340 549260    0    0     0     0   23   38  0  0 100  0  0
 0  0     84 246932  24340 549260    0    0     0     0   17   26  0  0 100  0  0
 0  0     84 246932  24340 549260    0    0     0     0   22   35  0  0 100  0  0
 0  0     84 246932  24340 549260    0    0     0     0   18   27  0  0 100  0  0
 0  0     84 246932  24340 549260    0    0     0     0   19   32  0  0 100  0  0
 0  0     84 246932  24340 549260    0    0     0     0   20   25  0  0 100  0  0
 0  0     84 246932  24340 549260    0    0     0     0   19   30  0  0 100  0  0
 0  0     84 246932  24340 549260    0    0     0     0   17   26  0  0 100  0  0
 0  0     84 246932  24340 549260    0    0     0     0   16   28  0  0 100  0  0
 0  0     84 246932  24340 549260    0    0     0     0   18   27  0  0 100  0  0
 0  0     84 246932  24340 549260    0    0     0     0   19   31  0  0 100  0  0
 0  0     84 246932  24340 549260    0    0     0     0   16   24  0  0 100  0  0
 0  0     84 246932  24340 549260    0    0     0     0   18   30  0  0 100  0  0
 0  0     84 246932  24340 549260    0    0     0     0   99  203  0  0 100  0  0
 0  0     84 246932  24340 549260    0    0     0     0   36   78  0  1 99  0  0
 0  0     84 246932  24340 549260    0    0     0     0   15   22  0  0 100  0  0
 0  0     84 246680  24348 549260    0    0     0    24   40   71  0  0 100  0  0
 0  0     84 246680  24348 549260    0    0     0     0   24   27  0  0 100  0  0
 0  0     84 246680  24348 549260    0    0     0     0   20   32  0  0 100  0  0
 0  0     84 246680  24348 549260    0    0     0     0   16   23  0  0 100  0  0
 0  0     84 246680  24348 549260    0    0     0     0   20   31  0  0 100  0  0
procs -----------memory---------- ---swap-- -----io---- -system-- ------cpu-----
 r  b   swpd   free   buff  cache   si   so    bi    bo   in   cs us sy id wa st
 0  0     84 246680  24348 549260    0    0     0     0   23   37  0  0 100  0  0
 0  0     84 246680  24348 549260    0    0     0     0   21   29  0  0 100  0  0
 0  0     84 246680  24348 549260    0    0     0     0   19   29  0  1 99  0  0
 0  0     84 246680  24348 549260    0    0     0     0   19   28  0  0 99  0  1
 0  0     84 246680  24348 549260    0    0     0     0   17   25  0  0 100  0  0
 0  0     84 246680  24348 549260    0    0     0     0   22   33  0  0 100  0  0
 0  0     84 246680  24348 549260    0    0     0     0   17   25  0  0 100  0  0
 0  0     84 246680  24348 549260    0    0     0     0   20   33  0  0 100  0  0
 0  0     84 246680  24348 549260    0    0     0     0   19   29  0  0 100  0  0
 0  0     84 246428  24348 549260    0    0     0     0   51   76  1  0 99  0  0
 0  0     84 246428  24348 549260    0    0     0     0   18   25  0  0 100  0  0
 0  0     84 246428  24348 549260    0    0     0     0   18   29  0  0 100  0  0
 0  0     84 246428  24348 549260    0    0     0     0   16   24  0  0 100  0  0

------------------------------------------------------------------------------------------------------------------

ubuntu@ip-172-31-19-173:~$ ps r -Af
UID          PID    PPID  C STIME TTY      STAT   TIME CMD
ubuntu     33425   33416  0 13:06 pts/0    R+     0:00 ps r -Af

