
1)  List out highest priority process in the system


buntu@ip-172-31-89-128:~$ top

top - 17:53:05 up  5:03,  3 users,  load average: 0.06, 0.01, 0.00
Tasks: 114 total,   1 running, 110 sleeping,   3 stopped,   0 zombie
%Cpu(s):  0.0 us,  0.0 sy,  0.0 ni,100.0 id,  0.0 wa,  0.0 hi,  0.0 si,  0.0 st
MiB Mem :    968.9 total,    385.8 free,    207.5 used,    375.7 buff/cache
MiB Swap:      0.0 total,      0.0 free,      0.0 used.    612.9 avail Mem 

    PID USER      PR  NI    VIRT    RES    SHR S  %CPU  %MEM     TIME+ COMMAND 
      1 root      20   0  101772  11300   8400 S   0.0   1.1   0:03.84 systemd 
      2 root      20   0       0      0      0 S   0.0   0.0   0:00.00 kthrea+ 
      3 root       0 -20       0      0      0 I   0.0   0.0   0:00.00 rcu_gp  
      4 root       0 -20       0      0      0 I   0.0   0.0   0:00.00 rcu_pa+ 
      6 root       0 -20       0      0      0 I   0.0   0.0   0:00.00 kworke+ 
      7 root      20   0       0      0      0 I   0.0   0.0   0:00.05 kworke+ 
      9 root       0 -20       0      0      0 I   0.0   0.0   0:00.00 mm_per+ 
     10 root      20   0       0      0      0 S   0.0   0.0   0:00.00 rcu_ta+ 
     11 root      20   0       0      0      0 S   0.0   0.0   0:00.00 rcu_ta+ 
     12 root      20   0       0      0      0 S   0.0   0.0   0:00.12 ksofti+ 
     13 root      20   0       0      0      0 I   0.0   0.0   0:00.55 rcu_sc+ 
     14 root      rt   0       0      0      0 S   0.0   0.0   0:00.11 migrat+ 
     15 root     -51   0       0      0      0 S   0.0   0.0   0:00.00 idle_i+ 
     16 root      20   0       0      0      0 S   0.0   0.0   0:00.00 cpuhp/0 
     17 root      20   0       0      0      0 S   0.0   0.0   0:00.00 kdevtm+ 
     18 root       0 -20       0      0      0 I   0.0   0.0   0:00.00 netns   
     19 root       0 -20       0      0      0 I   0.0   0.0   0:00.00 inet_f+ 
     20 root      20   0       0      0      0 S   0.0   0.0   0:00.00 kauditd 
     21 root      20   0       0      0      0 S   0.0   0.0   0:00.00 khungt+ 
     22 root      20   0       0      0      0 S   0.0   0.0   0:00.00 oom_re+ 
     23 root       0 -20       0      0      0 I   0.0   0.0   0:00.00 writeb+ 
     24 root      20   0       0      0      0 S   0.0   0.0   0:00.61 kcompa+ 
[1]+  Stopped                 top



-----------------------------------------------------------------------------------------------------
------------------------------------------------------------------------------------------------------

2) Open terminal with 2 tabs or sessions
    a)  run command "vmstat 1"
    b) switch to another tab,  pause  running vmstat command for few seconds and resume it again

use appropriate SIGNALS to do this activity.



ubuntu@ip-172-31-89-128:~$ vmstat 1
procs -----------memory---------- ---swap-- -----io---- -system-- ------cpu-----
 r  b   swpd   free   buff  cache   si   so    bi    bo   in   cs us sy id wa st
 0  0      0 399548  19176 365008    0    0    22    35   11   24  0  0 100  0  0
 0  0      0 399540  19176 365008    0    0     0     0   22   26  0  0 100  0  0
 0  0      0 399540  19176 365008    0    0     0     0   20   32  0  0 100  0  0
 0  0      0 399540  19176 365008    0    0     0     8   18   28  0  0 100  0  0
 0  0      0 399540  19176 365008    0    0     0     0   30   36  0  0 100  0  0
 0  0      0 399540  19176 365008    0    0     0     0   16   24  0  0 100  0  0
 0  0      0 399540  19176 365008    0    0     0     0   23   36  1  0 99  0  0
 0  0      0 399540  19176 365008    0    0     0     0   22   40  0  1 99  0  0
 0  0      0 397584  19176 365008    0    0     0     0   60  106  0  1 99  0  0
 1  0      0 375068  19176 365008    0    0     0     0  110  523 22  6 72  0  0
 0  0      0 394928  19176 365032    0    0     0     0  108  569 12  5 83  0  0
 0  0      0 394928  19176 365032    0    0     0     0   29   72  0  0 100  0  0
 0  0      0 394928  19176 365032    0    0     0     0   47   91  0  0 100  0  0
 0  0      0 394928  19176 365032    0    0     0     0   20   31  0  0 100  0  0
 0  0      0 394928  19176 365032    0    0     0     0   28   46  0  0 100  0  0
 0  0      0 394928  19176 365032    0    0     0     0   28   45  0  0 100  0  0
 0  0      0 394668  19176 365032    0    0     0     0   55  220  0  1 99  0  0
 0  0      0 394684  19176 365032    0    0     0     0   21   25  0  0 100  0  0
 0  0      0 394684  19176 365032    0    0     0     0   19   32  0  0 100  0  0
 0  0      0 394684  19176 365032    0    0     0     0   37  122  0  1 99  0  0
 0  0      0 394684  19176 365032    0    0     0     0   29   35  0  0 99  0  1
 0  0      0 394684  19176 365032    0    0     0     0   18   27  0  0 100  0  0
 0  0      0 394684  19176 365032    0    0     0     0   43  181  0  0 100  0  0
procs -----------memory---------- ---swap-- -----io---- -system-- ------cpu-----
 r  b   swpd   free   buff  cache   si   so    bi    bo   in   cs us sy id wa st
 0  0      0 394684  19176 365032    0    0     0     0   30   42  0  0 100  0  0
 0  0      0 394684  19176 365032    0    0     0     0   33   59  0  0 100  0  0
 0  0      0 394684  19176 365032    0    0     0     0   19   26  0  0 100  0  0
 0  0      0 394684  19176 365032    0    0     0     0   20   34  0  0 100  0  0
 0  0      0 394684  19176 365032    0    0     0     0   17   27  0  0 100  0  0
 0  0      0 394684  19176 365032    0    0     0     0   21   33  0  1 99  0  0
 0  0      0 394684  19176 365032    0    0     0     4   25   32  0  0 100  0  0
 0  0      0 394684  19184 365024    0    0     0    52   45   70  0  0 100  0  0
 0  0      0 394684  19184 365032    0    0     0     0   27   35  0  0 100  0  0
 0  0      0 394684  19184 365032    0    0     0     0   26   42  0  0 100  0  0
 0  0      0 394684  19184 365032    0    0     0     0   26   37  0  0 100  0  0
 0  0      0 394684  19184 365032    0    0     0     0   29   43  0  0 100  0  0
 0  0      0 394684  19184 365032    0    0     0     0   24   35  1  0 99  0  0
 0  0      0 394684  19184 365032    0    0     0     0   20   36  0  0 100  0  0
 0  0      0 394684  19184 365032    0    0     0     0   16   24  0  0 100  0  0
 0  0      0 394684  19184 365032    0    0     0     0   24   41  0  0 100  0  0
 0  0      0 394684  19184 365032    0    0     0   304   94  120  0  0 98  1  1
 0  0      0 394684  19184 365032    0    0     0     0   27   36  0  0 100  0  0
 0  0      0 394684  19184 365032    0    0     0     0   28   41  0  0 100  0  0
 0  0      0 394684  19184 365032    0    0     0     0   25   45  0  0 100  0  0
 0  0      0 394684  19184 365032    0    0     0     0   17   25  0  0 100  0  0
 0  0      0 394684  19184 365032    0    0     0     8   28   42  0  0 100  0  0
 0  0      0 394684  19184 365032    0    0     0     0   29   33  0  0 100  0  0
procs -----------memory---------- ---swap-- -----io---- -system-- ------cpu-----
 r  b   swpd   free   buff  cache   si   so    bi    bo   in   cs us sy id wa st
 0  0      0 394684  19184 365032    0    0     0     0   40   62  0  1 99  0  0
 0  0      0 394684  19184 365032    0    0     0     0   30   47  0  0 100  0  0
 0  0      0 394684  19184 365032    0    0     0     0   23   36  0  0 100  0  0
 0  0      0 394684  19184 365032    0    0     0     0   20   31  0  0 100  0  0
 0  0      0 394684  19184 365032    0    0     0     0   37   60  0  0 99  0  1
 0  0      0 394684  19184 365032    0    0     0     0   24   35  0  0 100  0 
 
 
 
 
 
 
 
 //on another tab
 
 
 ubuntu@ip-172-31-89-128:~$ top

top - 17:38:33 up  4:49,  4 users,  load average: 0.00, 0.00, 0.00
Tasks: 115 total,   1 running, 113 sleeping,   1 stopped,   0 zombie
%Cpu(s):  0.0 us,  0.0 sy,  0.0 ni, 99.7 id,  0.0 wa,  0.0 hi,  0.0 si,  0.3 st
MiB Mem :    968.9 total,    385.4 free,    208.3 used,    375.2 buff/cache
MiB Swap:      0.0 total,      0.0 free,      0.0 used.    612.1 avail Mem 

    PID USER      PR  NI    VIRT    RES    SHR S  %CPU  %MEM     TIME+ COMMAND 
   3487 ubuntu    20   0   11008   3992   3332 R   0.3   0.4   0:00.01 top     
      1 root      20   0  101772  11300   8400 S   0.0   1.1   0:03.84 systemd 
      2 root      20   0       0      0      0 S   0.0   0.0   0:00.00 kthrea+ 
      3 root       0 -20       0      0      0 I   0.0   0.0   0:00.00 rcu_gp  
      4 root       0 -20       0      0      0 I   0.0   0.0   0:00.00 rcu_pa+ 
      6 root       0 -20       0      0      0 I   0.0   0.0   0:00.00 kworke+ 
      7 root      20   0       0      0      0 I   0.0   0.0   0:00.05 kworke+ 
      9 root       0 -20       0      0      0 I   0.0   0.0   0:00.00 mm_per+ 
     10 root      20   0       0      0      0 S   0.0   0.0   0:00.00 rcu_ta+ 
     11 root      20   0       0      0      0 S   0.0   0.0   0:00.00 rcu_ta+ 
     12 root      20   0       0      0      0 S   0.0   0.0   0:00.12 ksofti+ 
     13 root      20   0       0      0      0 I   0.0   0.0   0:00.55 rcu_sc+ 
     14 root      rt   0       0      0      0 S   0.0   0.0   0:00.10 migrat+ 
     15 root     -51   0       0      0      0 S   0.0   0.0   0:00.00 idle_i+ 
     16 root      20   0       0      0      0 S   0.0   0.0   0:00.00 cpuhp/0 
     17 root      20   0       0      0      0 S   0.0   0.0   0:00.00 kdevtm+ 
     18 root       0 -20       0      0      0 I   0.0   0.0   0:00.00 netns   
     19 root       0 -20       0      0      0 I   0.0   0.0   0:00.00 inet_f+ 
     20 root      20   0       0      0      0 S   0.0   0.0   0:00.00 kauditd 
[1]+  Stopped                 top

ubuntu@ip-172-31-89-128:~$ kill -TSTP 3487

ubuntu@ip-172-31-89-128:~$ kill -STOP 3487

ubuntu@ip-172-31-89-128:~$ kill -CONT 3487

 


















